85872
264899
893211
78605
465565
669284
476963
72503
503515
790492
662890
464466
432704
161310
223131
263253
37697
286719
108885
777697
377206
961803
407724
420789
447460
91836
542534
86173
856195
992139
799263
240832
549266
452775
266863
731514
456604
477321
401266
87880
966832
829856
491475
762142
538782
922803
531423
436057
114873
797272
473408
41584
151157
695601
724022
377109
307084
788425
580127
882744
159785
974984
364839
446513
206299
849929
902116
223273
81170
716520
279242
864103
592480
478973
676952
853333
115162
170236
278105
282436
968709
195841
490623
876345
495801
368681
805694
521108
953351
158830
354373
305056
523190
503391
890886
997567
312053
508478
460074
330134
940277
540030
131202
918519
376671
25459
218128
927233
339724
64401
394199
87426
759698
35126
476903
921074
995652
35769
759949
463125
856687
189672
90475
49789
599278
423224
967743
922573
549984
975085
137483
177847
980975
578597
84481
33412
892729
592755
134514
757104
491902
148730
616294
857463
177599
662951
72585
768869
921894
137904
267220
279053
707898
592472
346275
546838
753166
475959
444680
922195
249853
722862
621837
647148
920639
987146
765816
651710
701290
230679
571158
480547
881119
811114
69296
502774
472182
102867
609058
354719
657866
880763
326531
303681
914776
247163
859991
806850
578818
162069
570344
409131
861285
844899
78119
824504
878315
742305
487208
692968
553836
384576
145410
284235
146665
149135
967835
890246
548370
20504
440186
718563
571117
261378
857217
80463
378107
102027
119045
503738
260943
622674
202816
733876
427061
745551
448686
861195
648901
810736
198316
522788
363887
66742
352785
177486
887134
782209
404329
30103
29806
252850
95021
480501
777310
153508
292703
299928
524053
903806
24594
919027
456804
61154
477636
803735
841429
244161
628557
308687
713537
738476
627113
403799
198784
667918
991340
632166
526422
717299
301121
142045
476261
748724
470372
644861
397597
605603
353369
170555
124261
406944
825971
962945
194350
274366
446339
167582
316532
94674
551526
362895
688817
527005
304421
960078
211912
508265
768427
920588
430881
765578
193579
652725
440547
668945
229816
651812
830380
840009
898204
159492
904038
477257
46713
762803
65866
259144
617534
108510
959915
256653
998227
550288
184822
37271
799827
740770
462410
760638
648712
441291
109008
670230
449612
9655
530256
863282
185384
815333
505116
218394
273808
861408
785492
819798
454371
60605
116048
618225
78063
74180
566015
438528
717727
734465
217945
127898
479942
515995
480373
318218
310954
630793
564209
884270
15254
844153
805713
866374
510946
156532
116425
780613
809499
232120
52543
771602
517724
331473
976013
929856
608626
386549
961009
425950
463567
738023
116823
801400
991507
982847
925628
52411
226277
521268
861047
343873
959003
42094
61009
98905
962028
742291
551281
297382
866844
174635
773045
866848
895899
338083
58962
83040
246807
465523
404311
943444
416491
313079
357125
727649
455481
218072
895537
923787
841952
583062
21086
630695
253496
278258
380359
205979
446065
139985
719136
684599
163035
214225
5885
165746
422445
705529
461395
70330
587352
733997
192138
961657
682332
820257
979671
699069
361704
611542
627212
14961
111984
244414
9430
203820
886386
641654
799596
40206
631196
285231
511080
742670
847240
894726
243342
607758
570583
196411
922611
407853
541332
87689
287717
141730
350443
424445
575543
57100
905121
513937
793598
210629
632390
61292
206003
822294
574122
471829
904442
762187
130594
364168
590576
874535
681990
604079
997147
664820
458389
45698
308817
135193
908522
892342
488220
161847
596008
80362
202135
922877
734029
706254
123068
684379
750597
600808
389488
230258
394890
789539
609309
73558
712721
548556
620610
995755
499984
434259
555115
110908
67357
280817
219161
947923
132681
94135
778520
797553
897500
193983
617048
218697
389333
608383
812726
32558
673421
472904
870865
943459
100525
509484
436649
499444
476333
332065
837893
464823
489047
129481
808309
629835
769990
256177
609566
641878
557756
658417
595944
405787
686597
9805
147100
613496
412448
718503
297767
678672
210840
807620
518365
613682
861532
876754
725095
153433
677227
151945
467278
14213
398642
554143
495534
713636
130991
420818
36773
673701
997247
485057
474327
664718
6966
544253
509786
602003
358833
989512
49344
535807
539783
867014
244884
778265
602059
411868
380156
859554
572135
28094
436403
215843
505499
374730
945723
911846
418440
653531
373363
108158
448168
335764
323539
244096
211882
130570
948070
459566
781032
76093
966350
370993
182214
967404
179917
552343
286512
78517
14968
418760
846041
990373
544705
521491
829456
120676
724953
712995
961919
920876
943901
93155
823378
377633
968521
751325
506374
422192
783084
123356
172864
248340
42990
691371
359734
550558
760366
682201
189240
517078
114872
524437
148671
377074
528828
360997
314455
271818
316192
689049
662757
974448
616253
139894
753754
734078
308084
903799
433561
898176
954386
165302
837938
333672
292619
805073
480370
901665
563933
302320
28642
94387
959800
85844
454659
458723
742190
508919
298517
937254
646904
840674
891957
900421
173063
690388
97322
829408
831153
462107
384729
281996
631890
909583
169286
769521
10973
676224
391989
539399
651286
290197
757940
160994
654328
151917
635216
743022
265858
858609
743985
950167
765830
328920
183107
399852
499622
681202
450275
165088
972184
886669
132836
136116
840617
343352
878977
361038
695665
713428
365242
512689
100295
755071
302318
399615
908051
397446
326724
288141
481484
666410
966011
46092
279161
525215
549388
394429
389562
837171
853900
524364
571167
614217
155886
864404
848762
382753
871613
437630
584335
479539
310508
557474
779277
919604
182637
649428
269841
170289
249898
641976
14836
372439
27616
483724
154661
73749
357007
118985
369456
881807
748160
370641
167372
236580
586876
29399
177313
690285
835963
662095
764798
536589
737993
377673
254012
765564
472803
848423
320294
850337
406335
468215
606504
254311
506812
109076
611062
748900
202450
928428
631181
562410
908129
137758
431501
154348
136028
8059
342173
726791
998257
334716
515223
263699
103436
65823
640772
534219
6868
873238
645493
120518
206778
857457
681616
522413
461494
228365
614349
215367
644997
908350
652909
153252
597889
253718
570262
426316
209667
221862
176041
283991
882338
48804
730289
224110
65283
353073
381728
182312
199238
687585
129072
137377
546973
595145
942796
268421
106425
558107
936216
343649
442591
367660
18873
623462
483158
131268
664990
877742
621259
800389
460430
668232
180268
948766
4482
826843
281742
974916
40541
405903
86096
496417
943083
724540
112375
894511
985705
457257
285644
401595
998829
296496
763268
888457
533022
408966
398442
717888
304063
627422
952031
481998
253607
549684
891515
518660
62890
20248
367382
376930
40842
410581
321874
157077
646253
783342
633562
288012
668199
293958
944295
365938
466833
834698
67049
382512
502671
554507
796029
85871
522047
859766
408857
539482
16940
546510
285956
856933
538872
200454
528242
580527
252466
260873
178156
517135
229939
692856
50225
282047
290285
222238
475098
336583
521889
878177
573128
472771
237391
585890
151088
614695
222190
970793
101319
978175
509117
575533
64789
682619
628065
732471
499125
915349
827642
700875
632698
255655
378581
154881
236302
891745
350092
662597
926231
584471
117971
741735
253726
464857
157731
349147
152308
925754
212445
126430
206610
54721
672085
655148
724998
643820
371740
823842
744624
560386
174179
953814
128125
578041
286817
748484
940315
905962
253113
597823
782554
388072
861048
820110
67005
747018
477065
805614
337155
114621
569576
990066
190605
285519
773303
406132
526788
818851
309198
295038
860747
382562
563551
334085
947110
635909
188185
124701
711053
106795
998806
739770
773715
787014
666642
969247
101817
373822
36582
266383
508691
777353
507055
265757
305362
133650
246206
745687
372643
263228
666501
258048
678573
440192
839456
725075
302001
793627
206125
894145
384964
937161
577075
14715
88846
902980
603531
792423
437163
421433
677466
5140
23944
200280
527408
552883
905525
33359
118210
368192
606865
731039
664423
231
989343
754354
68541
874644
655039
928095
446443
448360
957764
448080
381114
962757
593074
886472
988350
388962
97343
523181
934843
906919
842308
448607
859394
748466
783754
248788
942591
609308
331066
363619
119677
8526
658056
57301
786911
791614
405784
715768
635495
486754
16469
755215
559635
762524
903455
424039
452668
916059
428639
361853
491905
994264
854065
395954
72301
839651
273434
489060
38682
581524
615786
22322
425048
234876
180491
197255
699032
392657
165492
218301
542129
668221
474702
868450
531345
155192
940680
203500
222126
994870
510192
852867
137152
864151
434509
767643
364608
524162
565289
970953
245910
970808
69010
822993
611081
954191
227542
458191
754232
107954
755685
664932
724999
319380
563501
787085
414351
295714
63125
78239
477865
828170
579958
162563
635573
40210
922988
732759
522294
192737
559797
439608
622159
169045
783583
436288
631045
829570
99460
590439
343995
653434
616899
517455
208193
289502
858025
427571
502028
945982
88517
841233
514969
534153
534455
49380
941431
525108
756730
130122
579027
38842
347327
478343
302516
676817
150874
431089
48964
551366
375187
42526
607884
975204
401004
471412
238283
479027
742012
478396
328122
461140
540601
384410
635606
300064
31195
628347
607301
28844
611518
742254
204971
219469
30910
808104
504299
127245
240671
929592
637189
245211
330921
259561
690070
670619
611586
676892
894811
581292
719305
398159
807023
909569
387331
336719
10134
66111
225245
259897
160592
296598
45057
615314
67852
35257
842026
329746
825581
638655
131295
814434
774637
736717
609022
948277
132411
634391
701779
883787
164139
393731
929715
617476
99490
442817
474884
432076
570773
318900
233787
93763
629035
972017
547054
85976
910239
810105
17097
183246
958894
68549
134562
573005
837058
860328
124452
746418
698711
223131
121107
591550
789007
478259
426634
990284
371745
858413
72509
547193
39038
304837
96643
770417
556445
620639
638785
595069
215580
570109
942328
462006
375431
736935
667836
992045
624665
363406
669839
871771
372637
135880
127351
10959
136092
260907
35830
609579
149710
767092
838199
573986
157672
620882
314639
887984
103079
389992
623603
610200
89261
321160
198162
787465
230790
719123
631069
227297
346724
649524
598199
161040
83233
972849
324488
344500
476783
40621
555176
994713
152268
887644
507692
217731
727034
174896
66813
291297
587853
230042
569379
421500
12369
560830
480871
174300
636216
914451
698355
679475
296347
205281
11778
349047
456401
373714
796986
479255
329331
402952
611142
253621
59629
448560
864277
504236
571685
462103
973960
518191
144438
63660
591938
797175
597486
176683
843456
50898
752195
277440
191620
498610
398666
510620
609088
932807
455143
204809
12482
60820
23638
158458
323052
678338
852970
405283
889123
778895
628102
663476
774965
936191
466193
632642
304379
848499
490242
934121
584186
93459
694915
515485
143564
186936
63700
984560
448961
503837
256862
282296
972878
613833
447017
574445
418751
447244
809381
846255
79402
320209
999662
330636
768484
693953
961987
198311
85754
49686
944335
35367
166257
660427
619727
521159
217485
384879
91145
201678
763223
46717
958038
672439
674029
799340
234790
949036
228953
954568
787536
493788
744216
175528
91072
409554
741819
71767
230506
156489
274575
774392
339550
382678
324376
426235
147593
556371
567063
442301
649566
823533
503133
588067
687986
31191
383978
996936
136446
243940
884442
241477
133076
555889
931442
854958
617883
104085
419633
920942
778785
735262
308285
509278
706454
883484
330782
562250
625516
454516
593425
918372
826468
825511
210700
976100
885156
603094
335411
592158
413535
1644
188761
92848
280306
554658
246466
293864
343809
198254
931768
237014
161612
104701
289739
981441
333827
612499
184145
227591
85413
767980
45829
713529
50354
969681
390981
711298
727360
812970
565993
430223
540257
785460
942245
375098
733603
624048
565467
710656
642912
472187
171287
890751
445893
70473
920779
798310
636780
221719
117068
976461
55022
608160
158880
369033
233735
864288
929593
313995
753555
677707
504775
893425
515044
14058
468160
438605
751791
322351
455578
620069
483188
593761
693095
649694
767946
393517
618859
952228
771292
782353
765348
712009
116310
625867
667901
711104
254103
885909
282735
802773
571462
159581
130406
703487
640539
332452
744853
332970
185922
174565
15339
186207
180814
506567
604115
618224
224862
792596
655417
707733
993040
754777
273104
265013
236709
545356
177930
607122
296310
409957
287821
520821
528904
949528
120282
618385
969175
965632
918223
252415
744366
104041
507973
590382
957149
942977
966066
576132
698105
197735
796245
10447
529373
296762
130717
780746
740644
922148
690735
698378
548494
417400
325462
33032
65100
749844
442130
76266
285672
382686
392314
29702
521494
177383
339271
117047
564198
534913
700672
463401
580765
346292
173245
804578
246648
540185
871579
266919
389691
118445
979518
161211
877963
534277
226100
329970
872716
293553
264314
354636
123013
345749
267110
384208
374840
209173
279469
425635
119235
88626
919592
404850
352414
137386
563363
580765
422703
849733
72880
736330
652801
341139
492521
292950
370057
413279
158478
326769
248641
666588
685621
470298
989186
422413
530220
209435
909341
220553
519943
504611
634793
293916
84913
117047
23672
384112
478029
807485
111081
631018
277794
936850
814443
868836
241291
306338
255903
564718
680668
214273
263476
873856
78357
475501
978176
677289
339369
937582
246291
626117
908595
367766
461431
3973
342495
901044
214572
353538
721158
597602
286628
592957
794795
981582
672938
817150
397039
767975
403093
193433
430467
666985
803845
204653
468328
956029
449373
272917
255194
833218
481566
591294
467799
296694
348928
381889
366970
985480
36352
173049
861687
235489
410064
968662
654036
100362
988122
971824
325615
419926
35188
317701
505822
311291
839162
2108
799473
372504
522553
55200
943577
835287
830889
113306
719871
255520
480443
309526
981584
192809
103586
589568
179651
823647
331635
750396
2500
439824
59630
797320
32488
307618
246211
252066
932658
499026
696283
973249
567317
313911
699188
252226
389255
157364
885149
804480
425714
599360
663093
76694
653658
265467
824897
470488
72271
873326
262420
964737
989476
759579
140287
253529
974703
717836
133297
566136
144362
645648
930276
63091
633922
165949
904155
496555
893336
325196
634112
649063
123659
795296
767598
904142
518061
842986
20138
490791
879020
671882
825419
303994
946525
200922
655190
127447
77528
564988
247377
299942
703088
438327
256402
67053
911287
395592
846049
595014
213510
134669
369094
566583
930307
666603
579329
508649
208859
567220
497095
529814
456021
139209
405665
519453
969335
632864
962631
609018
983817
722406
860409
725168
878822
523045
10328
842260
98161
493401
161887
151594
945786
476695
663314
344866
891073
643497
504962
426893
29842
632164
594331
320473
720990
225173
618391
615768
333912
760111
425260
419002
124921
439633
345576
91141
858585
273368
308601
19568
97719
151371
494272
543590
788123
400687
799359
999109
98289
229949
105169
212529
346017
874126
605592
476678
147638
55747
228444
958380
516566
318467
379911
692343
830683
960795
483034
796457
309796
60524
433720
681570
804660
657618
21327
446074
859741
20809
211685
984028
154329
8278
104076
732611
237962
911441
487676
260611
945786
476950
829676
198428
509014
335421
686220
636128
576044
787008
18482
205068
390106
65943
114513
398911
709694
275503
499254
119391
496244
26648
986996
17923
20655
231048
560082
711941
175970
210665
226889
327856
929333
877805
675913
670740
610143
972072
776793
34513
886368
410344
30462
760827
305098
703084
653256
354531
431652
147054
833649
222377
984609
105180
378584
174836
183782
436223
414630
41862
811228
492376
577955
2074
361165
952496
413000
614306
270029
226879
852786
524389
550418
793403
424696
203153
542188
271211
439811
314168
535721
19221
675358
910727
160249
437306
204846
448265
783176
479144
77311
307492
681814
707036
975732
319927
162035
752241
112264
998033
90605
494340
659279
984551
830305
410296
592193
624504
871250
66072
375666
420303
609201
737524
354698
59000
489168
43304
157825
984551
234267
588876
968797
244653
409204
890607
384085
727703
394911
50756
634945
373790
506173
494113
755039
84947
125975
56087
710919
748973
699922
893180
404281
722443
169509
706325
716572
667407
540552
726599
633971
518396
89893
152449
920495
529358
924795
412520
667606
556769
342906
617032
202533
993585
276978
314073
743329
27026
235978
50626
989472
905829
751305
315634
434214
103130
952670
692391
423104
772010
724033
222410
610419
135288
646883
339705
486155
839631
190065
791558
288361
10155
806856
531092
664417
928507
368112
349854
711208
594291
216472
8046
516790
798203
869960
247552
945907
634489
776678
508942
724520
853763
701520
677576
853938
615742
682678
143767
954482
431792
432420
249212
728800
973378
642102
130940
938570
400356
847028
765667
625873
854183
534898
534383
695237
166940
334554
788761
814215
601952
394062
325358
203916
594900
720141
803329
249620
145905
289630
641305
416472
70058
48313
25551
849332
748877
94916
379257
174045
250977
232253
580169
829353
187405
715017
163302
378357
580598
629732
472026
737879
216805
44599
993844
956487
86501
979904
8315
200387
3923
480441
475404
553389
723546
324283
155756
388826
547642
124865
358791
856144
178595
34628
756379
512192
991598
510792
687059
835247
994008
239884
489581
467549
605317
225273
845727
191413
759692
105657
552258
718846
763232
363260
988613
627199
898443
835316
551252
392265
122841
604534
152727
716734
77664
975477
798743
819081
686173
126743
257221
942549
162266
872036
232437
295841
515145
567193
457066
939444
481354
554318
413497
877066
923859
785530
655201
794592
896299
986909
974229
834848
827354
599248
519507
784925
474390
709
849715
824149
321410
157200
734734
61333
377746
603324
883273
142708
56804
593261
142999
752453
14221
346742
612744
578254
400964
957734
932304
676551
689342
700220
174740
120633
715891
940028
681286
134188
357945
738203
277015
377601
750818
724143
516433
976721
735824
610262
288492
940925
690410
443946
141832
684970
574389
846860
880705
311218
179404
832749
589969
189654
886910
392449
731198
156287
91632
774819
648842
282975
339939
308232
264886
490107
885343
494557
3857
337168
915759
111954
762829
278979
802592
758167
703693
39712
808918
353245
821656
188916
245471
717184
610354
458927
958390
356314
675156
181055
905529
280824
684841
135231
74945
72130
878552
795260
183545
904079
883656
921578
14263
954200
914667
752693
599923
34410
843039
796893
12053
75299
53356
76511
170507
639686
662533
325189
663268
418951
67165
510059
576400
689666
718383
200268
495866
361396
824859
270466
278189
7173
849016
128318
335954
506093
397485
131040
760029
253218
533589
150355
96199
894711
379345
597
153638
473775
531608
263258
237682
757220
419343
26016
130670
784778
312141
768298
878501
538800
389348
313298
125060
970735
527066
659146
873117
68188
679648
4827
215098
945498
284915
615112
388777
842915
680507
969267
935524
194465
685629
689131
322624
670278
312334
677841
734792
807408
552347
961203
621776
763734
724928
917989
944170
405359
70339
134041
655598
828241
948653
680724
982419
353601
246067
924504
546910
102032
353848
275935
665284
149055
724198
302493
775700
310124
233536
312668
14641
362224
183759
625004
912361
730155
580040
123318
119987
734449
419185
2377
305594
448590
527642
598130
659062
158303
400199
721589
94520
366172
415611
363366
246423
780852
854000
32834
433595
263768
242476
391390
749210
719802
631879
880136
746016
547080
972947
381906
370845
328813
762676
447875
199828
526812
429883
627812
118811
541577
62603
564283
249303
970222
436187
650240
648442
879350
647563
960194
889209
858409
942824
457698
802390
308649
904209
387777
707898
199111
347424
431560
364289
690222
738324
984723
374783
336228
577412
591823
313764
664103
435782
455548
347812
890568
974247
993798
261605
198108
633758
822895
131477
935609
864184
808434
249172
457272
685086
382579
389421
648759
556439
342182
101236
301884
153317
861425
637501
546965
103763
301001
565882
357086
284389
107294
593061
371374
405157
55096
697699
351140
348320
244194
696661
191695
984734
460824
451819
736967
410703
378944
893631
351883
950031
584021
5168
646619
581109
567152
782994
663759
218328
971951
294468
910513
833286
938553
226338
840426
63143
880920
805558
386582
586942
797209
969420
149858
388696
421905
378971
52545
21297
893157
917351
906476
414608
762120
427536
975028
442135
615860
646175
782991
869316
816905
207640
362505
916487
565670
436165
7065
955988
861980
533467
632729
349007
428493
650031
25111
130463
642868
373325
170032
301100
401568
350450
980420
655597
172920
144277
386228
770477
849965
176795
870097
938942
309702
578696
969610
102104
595142
780975
346220
787507
405118
300759
661357
330438
890222
594844
647544
62803
712573
941509
960445
853883
824628
993508
784697
420829
39499
551926
167599
185323
200588
447897
182898
217139
955107
888320
514344
911504
497762
450580
66128
690826
274684
824268
273493
420101
146042
335301
185599
505212
338690
776545
271086
527799
110727
760431
101818
10374
665948
7460
103833
235042
732481
572256
807309
901472
829165
31749
606451
933926
102804
976598
903988
977137
309818
416123
53831
475367
341705
780917
651099
308670
572162
392250
165451
995855
775024
875901
666601
597208
170793
556266
318437
375820
607764
112384
83969
161725
675705
324328
780573
174373
332269
927645
937313
100673
69833
96951
456302
830015
595528
372752
200623
725957
830608
382069
983744
438241
975768
989091
225896
268841
783039
914973
185058
409655
365602
221539
220601
860722
573037
646419
2180
721991
926014
822328
208216
671079
855135
885767
438375
329846
97166
629403
828747
845290
998104
320927
710280
290425
875262
118282
80988
144123
630770
541202
983849
889220
990021
92599
632045
103560
174769
68519
783334
835420
751235
918604
312595
237423
142813
695843
641739
51835
335871
829672
915175
203688
478970
653357
761399
778717
707387
949289
876531
813144
435714
247961
968381
305011
77799
456085
498973
98257
928822
693063
353424
476072
611591
358679
901025
724730
874884
813054
236201
169134
554888
65212
980148
208996
971774
537718
149637
231463
637224
1550
105679
279967
783663
79660
158479
821128
868242
615193
767992
186669
132254
768563
255040
482592
194496
854265
152216
435145
469221
944011
934597
90977
189712
852071
25662
795122
871658
160393
691228
507950
425988
575573
307818
495869
96491
839354
569180
570283
863700
339090
676494
689888
733948
345923
638799
362407
11836
831919
179911
255016
939565
799696
770117
908136
197284
545883
367420
294160
253794
672415
318252
727504
231574
952026
784609
238714
72410
312687
49720
585754
888986
530666
661445
405836
291058
123411
629274
930359
601820
69849
895169
802693
443424
537782
832619
688229
208899
826806
264981
784680
655564
774286
157061
804060
556601
894253
880318
134075
633669
946774
505783
945937
230389
163565
282688
401021
301022
47618
932001
193183
331421
506102
697792
965741
156365
168251
720576
779446
982504
831205
484207
877885
99976
629137
500204
178177
771855
931536
703164
335943
479914
89125
187466
214709
910702
935124
881232
542844
203606
31485
190317
531087
250318
945026
498300
557274
249030
18312
204289
611442
241743
957193
798706
470119
315400
157201
499834
400916
316974
362868
65959
69474
711727
798520
125348
159147
821919
573809
159171
259382
400891
296544
54372
380279
578595
46944
503140
162060
789541
162644
32292
883271
107898
555027
983692
254682
517434
675733
327104
761155
611319
954792
751873
502451
200841
690983
609498
901281
544191
839888
964748
785820
136832
12149
577460
930642
904580
278735
528045
744834
180605
716348
111454
756310
969357
220831
92374
34532
435330
983570
641456
909719
672609
849176
710951
201352
556507
728483
286414
86429
740085
14393
495762
183344
218324
822408
373333
700028
242496
346634
588726
286373
339934
355734
316550
966791
203946
797982
658900
471211
554086
551883
273128
375868
268285
676045
649831
544020
695859
128022
187021
911911
751266
804862
378331
219311
53734
664012
104118
77606
131288
786330
981886
694470
227355
882319
591086
260257
118474
304831
415100
107234
757045
395267
851251
343159
188445
252155
945580
145540
183468
777775
78420
799062
567870
449597
535469
650888
877034
419079
186260
375504
64091
421854
217016
571252
742779
466522
100037
691689
202344
123908
479741
458110
271319
834839
418762
148270
237545
598139
571155
838267
647054
296864
275322
849086
490186
372179
284543
475237
965593
792851
69801
724890
894429
694432
304509
115692
879299
166570
604957
596978
734476
693325
312278
898001
105604
570332
990055
214291
660072
449893
287551
664950
37247
988002
953418
67566
563237
218571
764765
461134
19784
988936
362938
279234
156767
726376
460110
733953
650286
942270
118879
534917
142519
204384
80163
206015
538668
494449
674482
303756
31106
768175
388635
785974
494691
912826
975138
594362
326995
981097
59758
76231
616088
525579
221631
909293
614427
859624
924085
694877
764809
87822
673695
890400
7771
477808
363984
939035
660584
588638
438002
763694
859478
718622
958785
676164
574730
590183
974387
123156
680364
207711
818831
868412
471843
433030
23883
517528
656594
497728
86406
766390
508921
930581
304164
691836
411672
479939
75021
994413
448109
207729
172993
283306
143259
623552
511787
49258
558935
988704
9024
39120
853080
485027
714485
206489
943077
309211
159043
942083
921196
935127
44675
261402
869269
292477
836525
515425
605570
585589
963953
191875
613687
439964
478614
298466
225331
230749
737068
628663
913326
11911
820119
651503
202017
538135
998257
75918
99934
91440
370601
817177
951235
173584
147029
869639
169421
838439
669043
765177
444077
425741
950764
499820
95396
299995
67084
759624
107864
737411
930055
643830
651572
55676
423603
557662
823985
139263
929420
601195
940527
188578
612197
233580
592875
410966
902656
226362
212390
333072
104958
690697
957757
331957
416089
418356
150830
804093
225327
694000
873824
92871
927860
135822
92846
358389
550837
95220
307920
802014
906182
713784
134080
238305
434462
704526
288388
75498
763857
408632
930331
152224
915100
706083
30770
331424
182838
973183
196984
581803
902185
660933
732290
180389
150779
227860
673954
669958
457209
947211
176087
483228
154297
103965
804489
31561
917757
352879
422363
922003
310085
490520
899388
863990
944789
944400
579099
365895
543852
973746
723426
938029
635151
193374
351185
330713
428162
208650
516771
580311
874739
255829
961383
235937
629494
160579
961689
23992
337299
103737
680157
263162
724350
420687
341478
414589
508582
181893
938355
452291
639732
879984
554244
259580
277897
39079
61976
999302
602280
314200
278871
694101
555650
190457
350490
104730
14124
473446
883876
44131
193475
243444
853381
856083
611786
505392
607772
10802
276876
898459
968701
712952
205708
584746
551510
42038
657064
50844
439901
682262
808662
345972
790667
522463
234282
781297
755673
634823
237257
353909
289339
399728
499299
51032
740026
705330
800565
822226
395489
696039
602045
37448
688606
784606
333709
822688
187843
763149
801852
206831
264804
263945
376596
901212
783819
706303
855136
296923
79382
466007
38827
424738
135883
555695
155006
143083
222341
370654
186302
967465
696422
625840
256630
855109
852669
1177
630578
241134
715725
626358
904082
140391
539080
262968
292211
582170
672088
311380
23510
286078
460637
525349
528631
36899
890132
999525
637959
723407
850672
327662
183298
459580
247400
817583
580782
916637
938598
362503
528431
592448
891578
260723
86600
592444
640627
490581
76756
696909
95
787875
21894
122176
435484
592252
767181
53542
368382
319876
202002
492854
145933
450209
891608
156188
312766
133972
757159
467348
248059
154011
932091
587875
875707
648083
618182
802721
872516
674389
929447
337914
543512
738208
443516
999145
780542
182355
45340
221043
349688
598381
737089
797371
951265
809090
383574
404762
549945
359078
65890
776014
406719
380144
336952
472085
610015
44332
227165
837800
539733
767407
531774
32449
456650
7684
74834
809149
731779
979141
874810
705269
664446
547064
402273
384563
154888
725854
240515
274194
419842
614785
734267
666211
652838
968120
806684
912952
937725
286596
648820
751784
461176
783648
567364
916551
41633
772729
890809
889763
857432
678082
405984
541721
603374
562295
968923
589606
952180
922104
751877
335907
153820
611850
378147
888007
95024
49611
741462
836110
999650
297218
358599
327804
997680
85487
845271
853256
491866
932351
998195
486403
784123
243534
213254
460855
601018
644656
143147
338194
955004
33337
189395
525984
184658
706100
34812
241369
86249
628589
957027
980032
242541
525142
654657
490336
182234
257734
465955
337790
761372
473641
87409
997527
619728
445548
378722
609872
341080
189054
876098
553617
549575
194810
631116
612488
34341
565258
253979
475258
943465
839142
429073
6049
102799
516072
234632
862658
662491
696703
332747
411917
55339
413971
840531
422402
465621
674668
94792
275996
645158
496867
885928
901843
410921
655370
27990
328340
890875
774833
693951
164198
705182
461553
889149
419422
335771
448179
734000
678765
135391
825477
261131
106789
29332
413870
416092
686880
612761
110258
753654
379513
967937
222127
477344
60842
10252
512217
565489
907977
364155
511684
352520
431682
246459
290531
631139
120979
119302
609909
909210
340139
578591
540254
208512
423747
201834
97480
818994
385971
31999
681911
698703
120324
848975
415838
415408
35228
296974
666039
253354
737882
727697
492661
59558
202317
883119
847825
370486
774154
60534
304556
629622
309309
494101
412785
12956
833017
129124
821641
429710
849757
989468
155509
700454
272874
232933
819423
455118
523158
161157
479828
781095
542716
332936
215710
488304
215122
510845
371231
221921
863684
601880
272003
931720
27162
377328
725256
826757
485080
465362
471743
323305
765431
56203
115626
585071
839591
185437
670667
555551
226972
587050
216880
494616
556039
341706
221837
2181
851100
460134
606384
747850
953728
518087
684091
581014
410104
453213
649003
395879
508499
903757
677816
115205
811673
915271
545503
837562
611049
353466
781144
502695
129890
607346
151716
24910
940573
591195
81069
625438
414962
36116
247414
286551
995308
165275
928779
447206
359235
11020
443057
896206
135049
473758
367154
594728
842040
704917
654407
208361
479156
791013
510619
787718
750198
597358
628981
313514
528419
769716
281595
187775
807739
719787
611616
389507
53474
605043
806339
661697
999507
99390
445389
852897
735651
260123
838412
293153
776210
383789
453251
192585
736553
119448
156908
478554
545803
355893
690212
203771
731275
28530
667097
450844
576982
990739
201792
670925
474103
524081
786370
760806
709578
67897
52897
538510
681693
506258
777967
374369
426932
308730
497410
817635
741092
669970
475868
817556
115772
75492
270251
400010
833076
347132
856010
983789
162741
712419
353911
374803
35461
998681
87607
303871
735838
680824
684133
842075
726232
106503
385977
484887
317803
778358
522583
872360
491996
526573
742002
730337
674552
332561
786371
558647
567677
774497
195316
285456
455930
889833
474366
190324
507081
178573
218911
817318
340032
447732
392421
116882
995941
481725
479484
421771
764531
229541
204654
672168
475871
287191
623761
413342
339195
213514
581682
232808
384040
232255
147679
998190
861623
351412
792342
699840
802378
602424
63542
522063
605523
586710
285191
212827
625360
222692
738502
975643
479210
968999
532007
634236
665037
469679
179310
693286
202377
683373
642277
956399
871017
396985
673360
904162
202545
490956
744621
640335
398268
189186
111503
344753
782271
365542
763791
318686
435378
689775
134657
725808
403940
873343
403714
460484
361501
11581
87721
195777
575757
92132
104205
323271
108286
189141
809016
95187
589902
864062
582566
364412
503442
574643
43709
352517
909148
598203
660570
932081
889981
504676
182144
397495
828554
982636
682475
618747
53987
14801
451129
927741
671642
776492
752714
975308
644098
655105
791456
189748
576587
345799
746826
733369
842736
129247
742198
403938
140671
901881
185267
284411
871152
543506
602479
879472
485269
264029
62978
460088
782533
124876
32322
334009
226184
980161
611062
303068
943807
391964
459403
270186
297434
864887
168566
19062
210594
726113
245109
439636
682937
520860
825670
709374
462894
737607
580989
485990
920790
717944
394984
528000
873400
430722
843177
204901
94489
666995
547512
847715
565613
614935
168294
142523
170581
968047
388249
81806
51459
934407
79327
330030
876177
582769
881642
272868
569810
361783
779714
679341
486739
764164
637608
174622
54962
862366
770053
4889
22611
514366
516127
567955
322618
686876
864541
577945
404352
34251
190231
632303
779018
914709
404255
393345
757569
560057
75360
388547
950186
916864
336309
899694
489740
797874
655960
734057
834952
319204
439269
196416
480093
127247
12758
408035
108901
897828
55877
84296
964199
295537
911773
67285
619930
275862
342893
182578
781506
84026
341235
998128
79069
211729
673433
705964
870301
134837
119683
129552
796337
95424
698624
91303
436720
496099
426928
790780
428117
955119
26792
13993
570759
342754
304385
485374
730499
148193
958116
756972
839635
715999
371638
765289
366856
825271
581783
271513
174890
528269
648648
288127
845006
479885
761404
888338
537417
198710
296553
898798
900940
10024
716365
39258
139655
205142
95133
316684
327013
254370
661154
958822
43345
744865
279285
223282
15101
509283
785783
597456
846965
283271
653294
622220
679765
974807
59404
390167
634099
832171
109357
535124
12787
742669
726636
519665
560230
470233
800030
525492
900927
810177
400046
899983
343707
926238
294359
537077
224639
150347
776352
121111
635393
591145
420264
157518
670857
116763
673566
151885
762292
847524
494498
467971
721029
627721
838112
715497
841816
966224
229616
588796
525249
80584
386518
256265
703052
909557
8097
263979
443555
257287
972242
621538
825124
898394
455571
689194
566931
153326
416178
58637
765824
97782
490754
182062
572680
230146
501284
886383
628492
419165
908789
125566
380847
948892
851827
935334
310096
418701
430046
421521
463313
708067
286552
880940
391176
858649
115777
276268
86053
686753
187493
968036
318755
62565
648852
227938
454800
141253
170302
663176
659311
28736
508843
53337
625110
342995
591955
771239
552813
390205
643914
304134
306100
508486
692368
718729
396540
244409
971931
355240
406599
552613
397199
844853
339003
873121
259967
901233
425756
379551
71400
947270
768792
685200
734147
251606
62840
962783
966241
152164
101762
686442
315347
365238
867442
189413
895156
749889
596387
950986
987932
109014
942739
939351
25719
335314
566209
99518
200900
17768
190022
760232
423953
665926
937743
739235
622245
353074
662976
94707
250940
236509
621178
786413
169220
876007
273154
956232
246657
32649
827223
192476
352663
63252
876769
720113
284388
571559
414542
750043
416807
85272
859603
807857
592134
196238
549650
428767
983602
539750
658404
112727
89305
181718
599342
654435
989106
191819
664808
606922
299962
83515
905641
762358
786052
905318
182582
516278
871397
483469
755929
587135
694689
29598
811005
851088
412645
633787
896815
860427
786029
771025
935592
350943
264789
36362
805225
394347
660956
465785
505014
664143
324148
143976
359569
540815
164473
319748
545264
531778
854360
250023
953724
192266
882507
584883
794670
732840
227583
327620
711925
206218
390062
51061
425754
173644
446946
847352
953950
134527
967925
36260
708526
100965
284314
331424
129134
158732
771780
467452
704790
539331
507038
121906
292243
948340
353856
836415
706482
111187
440487
532119
153621
751142
757071
455832
234391
951468
230713
223908
635547
370992
42093
485492
587759
388842
358558
713779
345835
590306
137770
479340
688813
523655
813926
913347
862602
353304
716283
394480
45913
324335
339734
453796
925308
821900
162976
473758
33859
602076
887639
924278
160443
3729
200985
665696
638799
807137
42919
77866
592292
200335
723321
91643
48749
693501
325464
935700
397323
876038
623511
390918
871964
444163
957082
89449
123630
815641
14782
722274
531441
903150
222243
403772
968997
383432
61758
507607
317769
456699
349094
424335
75827
822446
702325
498794
958388
379899
916388
658873
283617
656180
434313
810365
66884
247932
982966
146167
591226
950614
460476
512805
480920
362964
68569
597588
526548
908839
625080
285521
190913
94951
407795
800219
862723
186528
910164
697031
127198
776863
357026
419263
41026
234061
677833
958016
998164
280697
828127
402769
683480
869609
362309
304047
952264
569735
319183
135161
531588
915083
607107
716764
159139
730916
379504
682528
883979
331886
711033
995675
314282
775402
856578
593159
266237
77615
987830
90165
658668
566276
240307
218379
648809
859163
524260
310857
333479
788248
204532
239578
102263
230387
795186
278103
125581
107285
613352
233006
403535
790392
539471
241498
970071
632095
575021
619820
636545
830355
105851
947149
567213
228333
454683
115524
92813
147362
6358
329458
879328
271887
792973
106573
276732
221140
721478
971381
316789
601479
647066
80543
893889
30977
992286
25318
86402
739038
574683
739815
869184
332380
343794
157155
881591
983626
775704
974609
119036
411875
317115
848705
912536
620258
503695
665425
533634
399177
717694
650117
309351
17506
68352
821708
488491
865862
319665
580200
119414
588069
879254
499470
898236
38920
373014
585601
378630
355733
151820
428342
473625
705285
99462
293792
668766
152798
135130
189474
717263
863393
321474
976980
315498
753177
366930
670466
488208
634520
817065
74923
515178
295197
562599
408578
578072
187211
82922
373806
788643
814769
791127
388787
588191
577800
775383
621255
560440
502454
957902
586350
926400
598425
842524
809104
750819
435852
61821
45811
360957
828975
18145
181725
153684
477720
338736
531538
514190
157074
474701
92926
528028
38780
528894
488325
430550
291502
411974
468829
340636
783330
392482
97589
824460
150527
130169
514569
650575
952641
857748
80358
556492
684403
416541
452065
422990
709140
830283
596110
133324
288649
48625
334561
372915
974056
642673
677807
627865
439798
60288
652281
233465
23151
877431
230654
440907
384858
792773
979440
515447
751910
94004
151449
856887
932739
998462
37967
350621
405865
408227
875092
225189
904699
615306
156565
964974
560361
693900
132954
693570
632533
778630
312670
971473
357728
742575
390695
803520
858034
707344
296765
270600
913091
618765
759659
621487
227717
923133
236952
490017
430552
644497
461476
27774
629776
682850
68545
411770
951216
755358
773884
431663
740518
928732
460256
853997
728099
83061
659702
755966
661136
635070
396165
625732
526775
623734
706244
717746
901277
657509
84302
414237
160115
575807
520992
721732
68394
721299
347684
522533
338491
685376
343365
120871
115147
681776
587130
29538
491476
734699
161751
506129
743556
834221
33653
428707
684694
508081
413116
117531
838035
491156
584365
265004
72669
973143
336097
290966
146603
475008
209801
366148
620823
546653
601292
868018
675223
199836
558887
690085
965083
24645
709476
876143
948900
866648
870928
893581
296559
46286
919929
186184
157887
11363
965540
567371
315888
627548
661821
796562
743733
234099
415814
486426
388421
118177
457462
182808
713175
890485
66427
992040
483327
93065
843811
218124
995257
197541
137813
730393
68579
418642
175644
692602
537914
759111
283381
470437
34086
213611
76281
682762
298057
946073
805560
145257
274742
994297
824674
255764
548120
161195
409767
402744
857914
701234
729093
460835
722012
335841
13184
711780
521253
434725
42953
515261
977938
512634
373470
313038
498630
366889
488809
844888
509740
663586
774455
357061
511531
919879
308793
171143
78754
728192
294703
351672
768965
111678
65719
517313
121719
568183
255519
103566
685397
605042
821580
957401
77232
47989
955508
482859
917161
214062
120609
812492
910928
408553
532111
117835
452919
455902
13234
244340
631773
284099
649224
590939
541366
335261
105607
682339
166731
298383
520296
652936
546943
916181
544740
514179
767009
166982
365893
465895
545767
886740
569352
969456
94200
288839
550448
872550
69159
965008
81940
484053
659278
863883
317118
949698
25194
949377
938702
978882
639544
156281
506499
84454
433107
127433
735810
751939
806643
653337
361221
168837
656775
32668
115539
97323
895804
415676
898220
393475
174765
65970
863191
200986
859610
901111
259510
933890
190233
757495
880705
768010
98189
397918
503036
327274
478820
518601
377425
973240
380418
778418
849464
700155
241571
780428
610270
887305
629792
86983
333573
888686
76036
99586
122838
880033
141030
244289
883212
277810
529152
970279
664216
743491
7739
181307
153855
348015
84633
867596
393839
841111
347017
495654
764780
81320
979894
376962
598336
501754
57239
282193
890607
331010
480766
902812
490114
927866
430267
267897
87511
850214
911018
570309
236402
319113
948908
978488
179815
38325
791489
612664
945898
783345
362550
238031
83681
833310
311817
888730
525427
757632
427646
597266
482294
734310
168307
615047
506731
153302
335804
891664
826715
747093
494828
300042
735978
473633
141802
237421
640460
241123
526737
435586
241025
187153
98804
862416
663308
781557
156757
942188
804858
15684
475203
697961
297419
633242
534234
185196
788615
267776
337613
26374
21207
288406
385617
441590
180320
917129
93396
278421
65809
643702
891005
945306
61214
847414
94675
163310
204423
489315
426853
740541
653065
569851
147639
665969
877013
750327
268353
874626
462570
67305
687288
516329
341797
952746
934031
208581
242857
880477
885101
680928
961224
857289
489024
861990
59057
2918
679548
345923
861191
150734
444710
543876
287235
406348
516263
798678
411675
171425
518734
312757
588786
111094
140087
391647
480007
733674
663064
691491
205953
232003
653644
870602
340173
344516
374673
428817
273279
981746
816040
547614
992562
256988
373002
973412
298425
674540
946802
800865
554554
851206
93960
124648
873041
162347
924141
426856
206615
681643
975337
910887
133174
324635
724487
925618
835726
205163
473570
12206
826913
415895
947758
363160
747287
175844
953664
30438
421487
71133
435020
893518
915408
723340
65496
8214
46220
615074
158825
974394
288026
897262
174668
895161
428164
928355
763175
450541
58165
873731
756749
900039
263893
846542
380532
174002
306486
599852
470942
709692
278135
70412
104549
353090
606795
702454
578934
99833
586095
71779
76369
112732
300294
20653
217847
201112
584622
637278
69759
343612
413858
211193
401339
143937
20746
685798
51972
117168
425095
325933
931246
76399
289780
617301
115565
985501
966247
122764
259748
747394
801183
791916
118967
286605
491833
62355
13781
20179
333523
777582
906278
605762
220300
365422
243938
818295
529003
888580
139797
157232
566235
24383
733736
248240
320965
491995
737093
942259
53975
452832
836220
338373
96174
603239
696188
188890
177405
475765
896120
249678
917266
766997
73846
726894
401883
476575
503529
816855
2489
134683
431613
424831
550926
327550
943907
215199
942717
576876
591345
688860
695999
851475
823946
174096
289071
86451
947933
124727
598180
36356
675388
659152
682881
892469
131728
893208
624899
597557
744145
12003
632796
616030
75949
547258
447215
113147
718681
327328
549314
436193
832251
92912
601311
582977
795028
51254
837620
431144
620941
724300
86743
117661
641103
326381
833045
732706
883919
381529
448670
837828
368667
956364
60410
892749
626054
957217
62595
814874
509543
574102
793817
431475
147009
478034
458384
859216
627550
379458
354217
233750
43491
311203
591300
958879
470077
676385
461152
125439
80137
433017
718372
86849
588398
817591
429242
267855
412213
471251
767825
461207
350946
768853
291713
290120
908551
379105
294006
438381
756923
296443
913506
275347
226962
666346
67960
280114
837081
99807
721237
85835
468905
208506
759649
189839
75533
184816
231304
695702
491526
19750
368509
689237
405356
568293
757261
402404
221139
238325
164172
930355
429333
675026
867126
36443
44699
20807
27752
963955
234005
401451
443265
103359
482041
723259
657329
278617
326322
595818
674236
631288
406401
876066
213188
416328
843387
415926
515034
737871
58188
653909
239896
921461
587413
219547
863060
626598
327353
562477
746062
824396
672129
746731
493161
134869
100410
587354
205349
368743
605338
521424
313095
40901
111568
525991
649859
598196
467535
497539
689942
359903
117998
153184
684951
338567
467479
547798
907092
356312
571489
265943
939800
927077
844199
295518
526044
713325
588220
644735
959027
631661
267429
456718
337865
599757
152408
464032
870823
439904
345241
112736
550312
370087
717908
116968
550136
410962
841129
486072
331542
346955
814472
166598
998860
589994
408845
58351
969114
703507
582678
28433
151892
772193
641160
881446
270578
497809
598712
517852
327125
176413
317129
747110
118631
542305
581048
945522
711362
571875
29164
462600
606637
81453
367474
164650
40951
221767
653047
873576
324665
988264
365984
435646
951115
582161
123664
574323
427281
421051
274771
83101
201436
569327
322164
607937
971557
422681
569041
276075
902428
952365
224589
840995
473591
237043
828122
595773
877702
832286
81817
584037
734794
921781
110218
457620
842951
131081
253089
925702
612082
480028
677860
729565
643419
493687
26133
399945
97524
833383
72095
105013
940631
123073
257859
912370
911130
805647
79139
687482
169645
314758
678370
445365
255740
270514
495866
123715
9846
587847
472531
724234
132208
865766
663953
928220
677543
486443
928441
392314
888803
502380
300476
458532
777546
201114
524323
21497
608874
263006
962340
56586
809260
830201
995833
720168
695439
406893
857841
63707
750994
192596
240560
96574
92445
37261
437927
63566
661875
547155
555902
731562
663770
400281
893425
916277
414364
840902
598684
177381
692799
864888
678651
534224
99754
559152
840855
907846
586874
750832
198213
700395
669542
82670
211683
525486
173789
57014
309954
817473
778975
240298
691677
715473
853958
28889
207192
352173
923489
896969
565578
441619
819416
529986
600495
445856
55249
444970
962969
405637
390569
532197
510034
323202
689457
876053
630340
720759
608072
698980
720803
250455
52382
610255
737462
355532
129075
287249
907905
270838
490040
978818
754795
262636
629545
677443
100667
166965
754106
208316
104377
467679
370565
283671
131786
759106
560424
22561
446775
347472
377960
955019
337608
576204
599237
318240
470189
328356
566125
137677
387761
925526
27404
368972
48141
462746
886216
181699
526361
868645
118328
32381
692252
979778
985335
543319
218940
211116
272665
816364
504029
451796
413069
394092
124189
70690
93572
682538
998569
712247
711758
785233
56164
299513
816957
943204
264451
561536
836219
423297
815828
385965
30075
91923
246842
9939
610568
962181
358358
372423
545006
642051
813845
640169
660180
695842
655512
776268
112713
333004
343743
341298
349612
898801
477442
266732
775940
732748
153020
565843
181623
51583
365603
65782
712119
656238
297806
238945
988943
53034
46955
444089
155440
151926
565428
582405
165940
645370
554653
898683
821092
787040
748267
392388
383453
294909
325172
473853
816039
764907
488117
545833
647789
537672
706771
147218
270910
332824
290743
306017
864138
839265
30297
449412
86039
494358
943044
571129
962874
35472
449513
149188
517010
410348
249566
392266
917640
281930
469680
560727
764121
451552
393728
603063
975886
724046
71346
4763
912325
424014
810730
6080
1269
310305
919973
501512
44511
90076
738304
483658
804125
911035
762736
462652
890920
85121
504853
919173
261166
194460
793193
150004
752429
924813
911722
111653
30652
837925
551344
927593
888862
948939
640999
171563
850987
29798
370343
222944
174881
422327
465834
175719
683285
802905
276032
823720
541057
32343
965458
187631
289367
47446
419404
111729
711662
931600
340123
233919
356283
250888
262628
264534
518776
579467
720725
465636
826523
145813
374578
1787
443896
736620
61360
926676
651598
243322
582203
200627
74892
406018
378269
202646
809050
4594
92442
845498
471334
53705
94629
339459
974392
928331
174262
874764
128996
591926
530875
253765
753752
977634
193341
936793
593936
664077
389038
123504
975618
67611
440715
294488
955195
370760
396975
693813
905235
583898
338526
264910
91494
482486
595044
165973
803103
846110
594531
127479
106464
919246
399734
684204
985770
402691
716691
261597
317412
236914
832590
466780
826888
385963
361903
833310
361900
556695
40863
387887
278349
711618
701067
710424
286519
516623
808334
500424
28150
344547
661018
512375
363163
240977
858949
348034
458475
351397
154286
639320
313887
345353
405539
58687
772026
369916
522358
917101
440733
620522
299044
459574
387667
3988
941127
478528
261421
564839
21947
683713
55395
868606
477866
996054
464206
232562
262624
830126
715099
107570
710961
210021
25846
666418
955337
83332
619185
506143
272989
296287
717731
20450
649107
414198
900781
46626
921613
632432
753376
475213
41423
366581
364109
722333
19398
897417
123509
529250
959960
445969
960210
929804
905545
315873
834462
572846
89940
317373
641573
598401
278990
477559
522415
198673
417476
362119
293052
9728
535640
400641
442796
393238
114179
396032
771645
15799
916202
208810
35965
405217
283852
235970
82111
652236
890170
332697
215873
803606
944922
149600
33586
94168
884425
791768
363400
498954
617951
649852
350967
517647
427418
133274
794947
419086
515681
517940
756645
113335
191085
810485
414832
494376
456021
719384
262922
723164
871603
557898
862438
937311
222535
53141
35717
634142
436206
484904
500281
579311
384455
532734
62636
359565
755798
559008
399876
400150
333919
873737
526573
341365
572368
554360
311325
174122
4665
301567
56177
980622
464562
999477
327255
445544
924068
705372
254869
444147
75014
974830
584171
975380
334807
343684
180092
644310
419620
602166
272733
143261
727574
237909
373866
92130
755388
316818
513825
725055
920985
605429
893204
888991
66996
166425
846465
257734
756990
641715
833686
672939
542122
852051
984837
999915
569220
804660
566771
688790
723428
253700
599826
340259
311166
135131
833467
595567
991656
387670
634571
967626
906025
204041
704987
758299
280788
413798
902168
361326
75214
153765
83624
159136
753142
909217
348243
70658
575305
897213
292022
939806
927236
889494
18970
934370
694600
782932
613936
309615
137760
160360
529368
690132
661467
6352
980698
800429
938100
216151
255390
224565
865043
99970
903710
782292
59317
838674
976816
271624
104638
733393
275411
444037
980729
267368
293196
95974
301208
650634
769535
309990
534772
385727
444912
606326
538742
461882
824803
410437
265149
407200
837814
787345
809901
633705
920190
970208
78211
952011
727296
907871
67264
993148
720294
340256
806472
703338
903026
163211
764543
642997
229719
656931
82996
740742
945222
31758
10192
212657
307353
101036
255668
116682
719065
269541
511103
157742
311230
633218
446563
216219
179370
115592
60346
197198
40539
310275
651330
467195
942466
708320
835564
460529
141414
322937
87478
644388
226413
714098
418375
628503
338648
682912
441885
356570
677763
331418
420603
907595
677916
580952
945253
318710
341705
726924
66293
773810
636991
648993
997181
61471
640833
275470
671036
590989
12374
453551
947128
305918
839709
975793
165879
844103
861725
664529
120493
751132
324884
526613
793062
504648
839339
556251
923922
953499
801728
545491
372268
702012
994135
839488
47423
768955
351626
201532
38914
328191
663931
745577
175385
136811
748931
142043
605415
401012
766604
475888
316474
414789
804372
284005
683374
114787
150903
235923
562863
453974
234337
563775
18967
193017
447064
74548
273746
203601
336120
35681
156356
495491
175018
217055
62050
889114
464135
329910
334354
453809
830608
405232
398221
251987
288437
446498
16285
896234
661254
572234
585605
95686
750119
426660
473048
820520
432074
894907
270333
745497
876238
311104
429254
182756
54153
746526
301342
715308
661258
295848
283996
225789
789464
773913
441651
207836
258458
203441
675866
818457
678636
416167
801999
298609
632816
503231
759191
734377
571743
854306
401606
166989
270772
33773
160054
847390
547867
172327
996798
801271
87133
388
174165
827643
241785
85826
806112
500649
603955
940037
532958
873822
208821
10029
456000
768554
702468
869075
372917
125412
420059
367646
155588
493187
898313
819723
623343
717952
420208
244134
388142
782483
549093
205214
547291
538858
630967
181969
354929
878853
713625
905579
278197
853334
136428
903318
401222
550012
500933
384953
29540
184594
876281
884234
433954
429998
568202
597279
148490
671052
348040
598096
391990
965266
152666
515368
772175
802814
878041
111125
331862
360991
279670
757341
596362
219910
229916
290116
126181
307838
261258
874611
166960
181176
651888
967266
375093
989951
434944
23175
1288
548244
902114
258579
827966
413529
126349
102633
130867
58168
858709
711037
565346
408256
421849
492989
35497
696117
145653
764003
822742
252964
689043
862203
129487
373361
960459
856689
270004
362296
782227
512519
344342
285102
671639
171235
336982
709803
756072
66380
904794
211425
321833
334387
308017
213468
183899
199229
714111
412492
25734
783970
241720
492723
587834
345456
139040
575919
453723
32869
980802
978570
25233
924914
336423
468921
233570
232445
263130
461049
222179
405918
866653
682033
400924
743123
277872
244800
209104
849316
86737
54108
385940
428421
838306
656417
405284
178841
339472
189906
890207
695948
719864
935364
858155
704832
645759
365631
706556
511372
482633
239143
704667
148625
66225
919843
380203
312162
917224
592929
396100
880197
803074
376850
347289
111319
155601
97384
902384
805870
732523
267537
13880
479304
907709
583614
627243
537022
297837
645591
983813
202002
303132
360475
910705
708370
998720
126377
992382
800554
404713
180020
24082
262030
135008
41788
529089
511790
22734
330847
69727
544925
823205
885586
262300
983930
400375
937914
470714
376038
203275
762053
932849
663478
727717
756653
479128
579859
587212
800036
699745
967670
616410
142617
581182
919510
944260
199460
423202
817407
262741
368070
791391
616390
901454
936549
319832
553614
294103
669996
432891
103942
854255
372053
373862
446512
590171
7609
446126
289156
938399
896131
496049
665487
227295
103317
584864
215887
838998
860578
502665
871452
519909
842232
61249
435603
528481
662393
820109
620056
73865
631184
15965
849910
685741
821256
906751
160617
535027
323297
868466
735156
849339
446497
706936
955869
156538
202777
441730
686562
673032
998846
627414
173300
893289
575953
966699
131690
627472
4717
133411
152098
650261
880923
913602
694568
81824
215742
61578
805363
312085
564933
172744
453844
631719
155750
367781
126120
801930
882333
761012
881106
52347
49709
88056
697486
127148
474270
320190
422427
960668
943829
68503
495280
95424
897431
782234
5596
160415
36129
976211
689462
597979
567966
295645
867251
271713
68467
972419
700236
386209
588296
147601
230981
671668
289202
412117
350571
994455
204407
613166
833308
544125
709394
855023
312651
245054
809173
670135
703658
649071
175372
876175
973003
411346
821821
132450
226488
120954
740214
431914
725772
137437
12329
918460
305297
97063
159787
766189
21761
943797
863257
191333
959835
71689
111025
878423
805441
99145
317118
481145
944009
816785
469788
523431
267049
675002
963431
613076
666138
667857
450967
823432
551551
571077
210964
230023
566715
880865
306783
837572
736262
626891
625421
837170
843622
54354
493932
496690
680949
279316
122815
973619
882672
183425
637076
659651
817473
913149
748726
410384
46566
885326
700009
674559
171908
828740
568207
933446
451954
883324
896321
452612
255821
985765
683924
407625
592386
270414
927447
93737
159674
223319
100313
663977
691855
362144
23667
615103
310184
12766
550575
834001
922868
206564
701922
219804
769506
207905
214907
828338
524471
300857
276483
716880
799310
520876
649250
406245
863023
919712
799309
169812
509631
249707
495558
727608
544067
192548
997652
251785
9013
764049
847614
366476
537306
135932
179331
325860
676017
299638
299927
855766
775059
548269
378003
914222
835355
644149
830853
284422
105765
932062
490903
366074
763043
943630
100963
567727
678881
788851
3941
215758
611787
387945
223207
875609
923197
412546
466304
719719
487512
482942
243144
320478
696099
154274
49530
762124
660027
741503
682987
720976
188625
475767
172442
530334
224269
141349
112436
662328
293736
835304
356212
566524
548035
671597
989172
887083
721404
426234
838047
163649
441357
774915
906924
316981
482957
117199
550126
937320
335367
146137
921593
598815
782549
320032
786903
440786
428987
898131
628551
815109
852627
157763
601375
648843
452559
685180
69515
119455
321011
784898
708201
352927
206507
769462
938543
945914
208486
526903
545251
325200
523145
91929
961810
493650
515473
86257
742586
858309
954577
425030
802572
510143
794735
20105
140979
319310
55692
542170
576929
912294
716999
248416
363441
296364
464088
520391
946868
319774
557973
267030
353558
736609
483074
931005
560691
696259
471728
327967
950937
586821
338097
512901
615121
690285
758690
100906
165382
590770
182439
247878
47798
134300
290610
450720
73943
843431
453159
732387
173864
7024
259047
881948
958886
940065
504280
937945
162658
704159
726524
478565
418370
648179
692645
49460
210067
990229
598135
758264
528348
303723
396380
389526
711031
490031
457114
825604
743540
638370
222692
130572
791046
859518
591300
356865
949825
932217
926659
729717
298647
276535
122055
304380
754536
760785
955521
573550
865176
806825
226820
614428
682907
42378
735489
856316
835308
292943
967481
895631
835240
335325
100985
417299
106717
9083
771424
744636
631593
474531
341925
406074
892747
808679
882275
367878
202712
838966
371894
768492
85850
375280
168948
9592
505281
278290
196405
493566
267088
715545
761410
300324
715742
342307
316516
964973
904231
14972
384295
324582
797176
192552
267673
134472
181797
737245
597795
547120
32734
689436
653933
851937
295545
316319
398528
265341
106566
243263
237908
464105
64524
901569
422609
654957
462046
664716
976208
168509
282322
470021
249386
514950
946962
325962
675657
367028
948966
804713
247513
188528
331459
207190
295449
361262
349102
445617
802078
911061
197223
982816
161847
770483
693526
246023
423456
62273
821831
110155
949460
490332
803481
210590
375611
84486
734970
264014
637405
353016
980507
419498
802515
421884
500985
814710
555522
236442
684523
467483
734267
882670
255278
448283
831706
590902
379288
310219
971933
23837
292682
639699
664277
582035
781784
991624
314523
829869
242907
873125
945931
581436
889764
582680
786467
730721
755692
850238
784755
472869
779307
140091
532098
815869
979607
36664
696990
16691
22529
689393
244887
312791
151077
183133
129374
149949
835752
421578
837116
779811
261913
805505
886862
953206
916281
125399
711574
929765
212637
389205
254313
376771
732592
831734
63259
479083
275831
192074
647380
470080
256613
445491
244539
146199
925002
516832
388371
727224
14010
817346
555907
189516
324586
904827
609856
536667
804471
261476
999799
554345
419801
93497
26635
149063
904371
88301
580001
301261
531610
744427
590683
171321
745509
305582
238376
946863
904886
435884
82418
727809
485848
221412
989883
194241
438820
643901
418704
463769
551241
118366
514211
693009
633588
534537
328798
569630
424970
83244
401197
829937
334117
861793
651694
820455
895990
859065
846023
664362
743546
426782
966532
23059
194079
758885
86212
68487
741318
83782
364042
19577
659920
743410
554710
376663
524946
665216
960855
662142
681799
356650
681967
308373
793612
307997
728400
491690
256127
728385
945745
156297
433268
409653
197959
902035
211462
885175
698798
226362
661797
375067
18443
475184
45639
531087
949124
462466
569143
512315
804181
678195
78211
723976
228588
923558
777856
465978
171499
487417
5103
567916
258520
797580
942036
82663
374731
675293
316581
361694
903440
668537
153805
219041
178528
772971
884665
444338
72713
818829
461865
150184
456621
335334
847577
79216
195221
758290
861540
683410
270173
344387
792136
875918
705719
82353
678723
503409
377599
741347
482871
914274
298135
678117
888706
129310
524609
257557
396165
697242
795037
564283
299833
398501
543684
939170
878482
92206
304925
825485
514085
583928
325406
818287
802588
542232
558498
501935
433410
401730
674427
26971
679232
228246
98081
866215
51304
529578
617951
284180
663881
431107
810755
273724
982059
854382
498275
382631
575489
308188
464917
811136
950920
279312
904754
331946
438572
73999
505313
94342
321473
865998
36660
100748
840711
433070
755168
463986
864698
196576
375033
5639
189698
559743
308397
51224
719651
16812
807458
691932
870910
759430
811775
847123
89247
669182
152623
975926
240572
513027
755288
515643
825347
645211
871677
152415
748337
306667
483495
534943
256428
543026
816062
10103
190091
561344
41347
930261
294787
742170
983798
446620
83434
28177
601209
977620
442109
641748
330952
684252
258460
494315
549353
424895
25865
576328
66369
100656
463724
472162
802081
958673
685327
657808
654620
385434
403214
532187
364320
853122
621643
609805
744165
354436
488782
681441
444027
380383
873846
438627
769846
989127
272969
439664
35474
578694
160193
931123
443258
644933
641346
118187
623825
558767
843623
726502
486397
76606
511376
316894
126582
193589
679070
554199
331983
166648
910219
889346
273704
915199
105490
186202
769097
143710
52622
425886
426144
909444
905401
157056
884977
735963
143589
839211
484443
192688
831424
925794
723277
834800
421612
456457
731670
465273
916421
381046
847986
278963
267932
507217
951044
62789
147757
563701
370225
951986
305734
184189
699675
224614
263420
585603
424953
956919
167621
179477
103732
159122
641529
243547
896536
794273
659827
261443
463993
639769
108410
825264
609820
223363
510426
454492
375866
529442
313578
935301
769960
535497
758301
516211
417746
685619
589103
847001
458312
200419
846359
977118
234015
846530
264546
503641
771541
28296
276311
814443
754579
631382
734097
418610
72760
925783
70656
170837
222279
459256
162248
578905
858284
760653
737056
664677
659576
431777
395497
599201
723116
936184
978297
40148
750063
156836
268749
202311
643169
295980
551993
671271
748002
987038
795334
149633
720144
679633
976260
326934
852986
367759
800572
31850
114804
11006
41295
792078
118867
626433
313453
891810
841088
621339
358352
145730
702373
972831
937211
870793
874885
675657
365553
70006
666966
529901
982468
464176
420115
73959
478688
610057
215364
671138
633525
43249
925202
653896
41542
308516
265012
487559
993826
912626
673132
966277
895022
245127
970589
951107
51837
33219
391421
358176
208130
593658
986261
18208
693661
35408
951731
894442
305381
521022
732518
684905
751241
628869
966628
611334
538029
388230
951909
158872
319831
288268
179413
913474
282471
124386
73884
402117
912572
261461
891267
835988
726679
19909
972062
522357
170692
461404
685784
292709
304036
385140
98240
427392
20485
978273
571162
56284
312417
546711
73480
393701
468595
877390
681628
104254
988691
191470
561851
784352
817526
652974
342006
21915
496521
808561
492350
552989
828652
799048
434355
309491
321880
440374
107278
170748
524724
615510
210975
439578
142232
923837
230046
259907
704719
836761
919782
582307
419757
780987
68983
789672
686306
213681
236551
679466
832478
257610
911680
748217
313767
584958
574987
483461
660490
770492
306474
155394
242501
963815
479671
655901
12429
951036
954153
242416
736732
452084
806946
943336
62177
588912
190374
504458
873156
662986
865631
919288
296149
320968
604621
693340
856736
476308
736629
448449
820046
651483
801687
637608
510586
772866
889684
789488
434059
40265
402355
553334
968160
622001
608705
141621
669855
917083
193882
446161
444369
801275
62814
666545
924925
157986
682419
873050
618600
691905
305040
383299
470369
958369
672022
907410
425541
657758
429203
141791
537143
451490
195260
592277
442062
379380
567207
317700
979468
678288
129049
43590
760325
567283
183030
698695
536107
448525
262186
737374
620518
97776
156129
479990
111582
961266
497913
13362
651749
83117
519636
484002
861952
758657
405485
702514
204324
577628
454189
934484
132525
426710
92632
559496
511729
60267
518296
501178
169506
718911
812288
172023
134896
545639
78454
647503
114079
314864
866028
577335
923947
635056
39541
438132
191739
715298
197976
338082
839648
531024
185608
372326
932150
519109
39386
914878
443602
19964
788758
894554
568634
999767
759964
437358
631893
64537
313815
556416
937462
286264
21111
285062
391651
684001
108810
452101
246044
738605
800530
789873
718741
202611
320120
34942
372359
369597
589219
915334
891520
124506
604999
10722
985418
133781
236501
408759
356713
935443
512886
574194
882286
945893
679341
75524
694547
354169
178173
852069
12584
451757
212900
387221
957305
79877
453590
727113
883433
683498
986013
799666
785447
996961
684356
949084
59885
362261
868577
227735
49573
857466
227809
445014
312987
703527
419417
629351
421285
569277
35516
870361
986051
925134
25434
556063
956601
612362
36476
131238
478016
739415
748618
906045
742368
392987
442457
725736
78754
12276
724115
722039
432666
462941
925370
86930
741280
810273
108471
60080
680774
626547
724090
982179
951738
551932
701512
327800
994361
521808
141480
335960
890528
294707
387681
413461
384294
364288
833918
533524
545813
235760
25113
393110
522649
396183
209798
946705
350409
425433
518878
128221
284250
779979
77561
691643
497893
5831
219571
135675
340499
914643
809877
94532
264415
194048
263396
884554
759781
990745
269327
594863
805918
742405
294215
91947
242543
193540
81746
77593
747658
604612
73780
710264
536861
923001
482376
501783
877087
565398
215722
787128
936222
860953
649262
869781
253677
887653
971780
902700
220121
838079
33594
950721
440287
965059
45291
318158
873796
579691
964881
914234
367140
260475
6728
138836
272613
97451
749216
17291
322469
852399
40605
961429
953100
443931
539619
241844
472650
993975
307386
904198
319745
295278
44694
974222
482940
377954
863921
84739
361484
236980
21109
672225
357132
245070
26532
154611
707501
245586
794723
894132
53338
651461
473403
801459
286849
530518
652675
987923
374219
676908
771353
139474
873035
168864
950196
400017
700643
533956
953872
756130
736142
671221
621280
511098
792826
496289
751678
259409
520621
793284
600077
785122
112946
267614
169761
715227
527393
319532
312208
706699
314306
937533
412430
706624
539850
241251
535367
706755
543142
539751
451592
938492
795646
323178
780478
511349
121032
983035
65851
199574
109502
248236
801818
551686
92512
706625
435752
173355
365571
411028
241881
804823
521326
736124
349432
130698
793025
648127
545009
856995
311809
212505
86552
696451
817013
526765
896539
529129
944930
942748
872177
577595
762946
152095
864066
266154
626425
984621
77953
467889
317575
416866
291709
897671
824338
904106
355225
891166
742170
708594
635699
278616
605371
226705
780486
692279
253176
670910
52144
993293
906737
298266
522231
603976
72478
472112
848870
820932
693283
639319
246636
785632
515189
13333
754214
209165
541334
5083
299191
949267
230166
830356
252874
883290
398853
466442
979194
841112
442535
199211
108660
731744
279674
337505
969150
46291
740483
851294
678147
57846
211088
178247
910960
209198
480703
23431
611308
146863
875801
664605
31106
117858
313964
548628
183532
5086
464870
881557
393031
159526
220786
476354
849961
621918
278769
474684
212049
668651
385424
239142
729071
119118
906746
232497
960100
806001
951769
157568
107161
64003
972222
681381
80154
627949
890672
843301
478794
25734
733080
486372
351161
585438
490004
685186
942651
954565
500088
231053
221356
850939
202800
287839
687362
539864
983539
593702
132504
475813
363347
872206
799517
950689
482246
804564
70852
758982
856222
379134
9888
545291
984312
790441
948991
816647
502285
798866
8526
227672
602239
604189
88724
435547
956635
100031
191620
503496
174295
967217
51623
879172
153487
736128
756937
51821
500084
705401
342533
76521
883496
514851
401994
42239
195876
406173
190791
137541
306061
61831
377577
28133
321893
86754
482002
357509
890629
700668
690370
534324
229398
11092
469442
232538
921638
991261
490879
808202
150040
255513
693299
8187
512732
463134
611140
443075
698005
846511
126007
205059
491125
573909
4348
916610
820780
979800
465021
252159
169996
294730
382228
587148
696990
89356
988164
988733
699950
246043
60681
633348
931950
484620
517825
425133
26514
960067
719311
382410
549026
40201
381505
470254
862047
491316
806697
68354
120640
827139
318351
19589
660135
287865
535278
212547
315999
867550
847465
391026
764679
769489
170215
395817
10154
346455
208793
953646
329371
878022
867476
98626
662900
963804
7748
544287
559757
828804
806098
893499
944286
873857
878636
231733
955658
281448
22272
243613
869775
301763
991395
869810
8849
24871
371923
924275
406339
797017
125409
53503
694147
94137
603751
459173
55
69726
915599
230817
924590
984907
234134
640066
268412
107532
922731
967779
267086
627765
503518
500669
550808
861362
67334
369362
123142
232361
404545
551353
889642
936120
641204
320165
905088
449189
496529
818061
487033
246443
391942
221112
851854
148429
672749
856279
915964
90674
153204
49470
436617
312138
209072
417155
610275
394629
970858
6495
837508
458788
558406
694354
712600
822946
668407
380538
351040
193198
383756
850187
116706
537163
357109
629933
835951
165137
525289
538089
509790
832096
990591
433408
874502
276763
410849
668114
161346
14064
769864
978872
531193
858408
813071
106484
215585
323572
400368
954703
684252
555072
725669
304781
898928
634543
102753
209742
721131
69071
714775
199008
455944
775867
578167
301337
897685
291895
12622
483001
274766
432369
951460
977479
936663
72641
703563
467704
336444
321479
161457
408306
231567
884876
295798
513381
787709
742365
481113
748226
205592
767748
232050
959853
69818
47905
6671
907194
613946
565557
174322
336801
410852
797510
682089
906053
550233
110018
981819
452122
688563
84071
464620
970954
928505
474488
105629
539144
143228
685609
250457
619183
571347
746971
12411
